# 数据来源：http://www.cnblogs.com/grenet/archive/2013/02/28/2936965.html
cards <- list(
        c(1,1,1,8),
        c(1,1,2,6),
        c(1,1,2,7),
        c(1,1,2,8),
        c(1,1,2,9),
        c(1,1,2,10),
        c(1,1,3,4),
        c(1,1,3,5),
        c(1,1,3,6),
        c(1,1,3,7),
        c(1,1,3,8),
        c(1,1,3,9),
        c(1,1,3,10),
        c(1,1,4,4),
        c(1,1,4,5),
        c(1,1,4,6),
        c(1,1,4,7),
        c(1,1,4,8),
        c(1,1,4,9),
        c(1,1,4,10),
        c(1,1,5,5),
        c(1,1,5,6),
        c(1,1,5,7),
        c(1,1,5,8),
        c(1,1,6,6),
        c(1,1,6,8),
        c(1,1,6,9),
        c(1,1,7,10),
        c(1,1,8,8),
        c(1,2,2,4),
        c(1,2,2,5),
        c(1,2,2,6),
        c(1,2,2,7),
        c(1,2,2,8),
        c(1,2,2,9),
        c(1,2,2,10),
        c(1,2,3,3),
        c(1,2,3,4),
        c(1,2,3,5),
        c(1,2,3,6),
        c(1,2,3,7),
        c(1,2,3,8),
        c(1,2,3,9),
        c(1,2,3,10),
        c(1,2,4,4),
        c(1,2,4,5),
        c(1,2,4,6),
        c(1,2,4,7),
        c(1,2,4,8),
        c(1,2,4,9),
        c(1,2,4,10),
        c(1,2,5,5),
        c(1,2,5,6),
        c(1,2,5,7),
        c(1,2,5,8),
        c(1,2,5,9),
        c(1,2,5,10),
        c(1,2,6,6),
        c(1,2,6,7),
        c(1,2,6,8),
        c(1,2,6,9),
        c(1,2,6,10),
        c(1,2,7,7),
        c(1,2,7,8),
        c(1,2,7,9),
        c(1,2,7,10),
        c(1,2,8,8),
        c(1,2,8,9),
        c(1,2,8,10),
        c(1,3,3,3),
        c(1,3,3,4),
        c(1,3,3,5),
        c(1,3,3,6),
        c(1,3,3,7),
        c(1,3,3,8),
        c(1,3,3,9),
        c(1,3,3,10),
        c(1,3,4,4),
        c(1,3,4,5),
        c(1,3,4,6),
        c(1,3,4,7),
        c(1,3,4,8),
        c(1,3,4,9),
        c(1,3,4,10),
        c(1,3,5,6),
        c(1,3,5,7),
        c(1,3,5,8),
        c(1,3,5,9),
        c(1,3,5,10),
        c(1,3,6,6),
        c(1,3,6,7),
        c(1,3,6,8),
        c(1,3,6,9),
        c(1,3,6,10),
        c(1,3,7,7),
        c(1,3,7,8),
        c(1,3,7,9),
        c(1,3,7,10),
        c(1,3,8,8),
        c(1,3,8,9),
        c(1,3,8,10),
        c(1,3,9,9),
        c(1,3,9,10),
        c(1,3,10,10),
        c(1,4,4,4),
        c(1,4,4,5),
        c(1,4,4,6),
        c(1,4,4,7),
        c(1,4,4,8),
        c(1,4,4,9),
        c(1,4,4,10),
        c(1,4,5,5),
        c(1,4,5,6),
        c(1,4,5,7),
        c(1,4,5,8),
        c(1,4,5,9),
        c(1,4,5,10),
        c(1,4,6,6),
        c(1,4,6,7),
        c(1,4,6,8),
        c(1,4,6,9),
        c(1,4,6,10),
        c(1,4,7,7),
        c(1,4,7,8),
        c(1,4,7,9),
        c(1,4,8,8),
        c(1,4,8,9),
        c(1,4,9,10),
        c(1,4,10,10),
        c(1,5,5,5),
        c(1,5,5,6),
        c(1,5,5,9),
        c(1,5,5,10),
        c(1,5,6,6),
        c(1,5,6,7),
        c(1,5,6,8),
        c(1,5,6,9),
        c(1,5,6,10),
        c(1,5,7,8),
        c(1,5,7,9),
        c(1,5,7,10),
        c(1,5,8,8),
        c(1,5,8,9),
        c(1,5,8,10),
        c(1,5,9,9),
        c(1,5,9,10),
        c(1,5,10,10),
        c(1,6,6,6),
        c(1,6,6,8),
        c(1,6,6,9),
        c(1,6,6,10),
        c(1,6,7,9),
        c(1,6,7,10),
        c(1,6,8,8),
        c(1,6,8,9),
        c(1,6,8,10),
        c(1,6,9,9),
        c(1,6,9,10),
        c(1,7,7,9),
        c(1,7,7,10),
        c(1,7,8,8),
        c(1,7,8,9),
        c(1,7,8,10),
        c(1,7,9,9),
        c(1,7,9,10),
        c(1,8,8,8),
        c(1,8,8,9),
        c(1,8,8,10),
        c(2,2,2,3),
        c(2,2,2,4),
        c(2,2,2,5),
        c(2,2,2,7),
        c(2,2,2,8),
        c(2,2,2,9),
        c(2,2,2,10),
        c(2,2,3,3),
        c(2,2,3,4),
        c(2,2,3,5),
        c(2,2,3,6),
        c(2,2,3,7),
        c(2,2,3,8),
        c(2,2,3,9),
        c(2,2,3,10),
        c(2,2,4,4),
        c(2,2,4,5),
        c(2,2,4,6),
        c(2,2,4,7),
        c(2,2,4,8),
        c(2,2,4,9),
        c(2,2,4,10),
        c(2,2,5,5),
        c(2,2,5,6),
        c(2,2,5,7),
        c(2,2,5,8),
        c(2,2,5,9),
        c(2,2,5,10),
        c(2,2,6,6),
        c(2,2,6,7),
        c(2,2,6,8),
        c(2,2,6,9),
        c(2,2,6,10),
        c(2,2,7,7),
        c(2,2,7,8),
        c(2,2,7,10),
        c(2,2,8,8),
        c(2,2,8,9),
        c(2,2,8,10),
        c(2,2,9,10),
        c(2,2,10,10),
        c(2,3,3,3),
        c(2,3,3,5),
        c(2,3,3,6),
        c(2,3,3,7),
        c(2,3,3,8),
        c(2,3,3,9),
        c(2,3,3,10),
        c(2,3,4,4),
        c(2,3,4,5),
        c(2,3,4,6),
        c(2,3,4,7),
        c(2,3,4,8),
        c(2,3,4,9),
        c(2,3,4,10),
        c(2,3,5,5),
        c(2,3,5,6),
        c(2,3,5,7),
        c(2,3,5,8),
        c(2,3,5,9),
        c(2,3,5,10),
        c(2,3,6,6),
        c(2,3,6,7),
        c(2,3,6,8),
        c(2,3,6,9),
        c(2,3,6,10),
        c(2,3,7,7),
        c(2,3,7,8),
        c(2,3,7,9),
        c(2,3,7,10),
        c(2,3,8,8),
        c(2,3,8,9),
        c(2,3,8,10),
        c(2,3,9,9),
        c(2,3,9,10),
        c(2,3,10,10),
        c(2,4,4,4),
        c(2,4,4,5),
        c(2,4,4,6),
        c(2,4,4,7),
        c(2,4,4,8),
        c(2,4,4,9),
        c(2,4,4,10),
        c(2,4,5,5),
        c(2,4,5,6),
        c(2,4,5,7),
        c(2,4,5,8),
        c(2,4,5,9),
        c(2,4,5,10),
        c(2,4,6,6),
        c(2,4,6,7),
        c(2,4,6,8),
        c(2,4,6,9),
        c(2,4,6,10),
        c(2,4,7,7),
        c(2,4,7,8),
        c(2,4,7,9),
        c(2,4,7,10),
        c(2,4,8,8),
        c(2,4,8,9),
        c(2,4,8,10),
        c(2,4,9,9),
        c(2,4,9,10),
        c(2,4,10,10),
        c(2,5,5,7),
        c(2,5,5,8),
        c(2,5,5,9),
        c(2,5,5,10),
        c(2,5,6,6),
        c(2,5,6,7),
        c(2,5,6,8),
        c(2,5,6,9),
        c(2,5,6,10),
        c(2,5,7,7),
        c(2,5,7,8),
        c(2,5,7,9),
        c(2,5,7,10),
        c(2,5,8,8),
        c(2,5,8,9),
        c(2,5,8,10),
        c(2,5,9,10),
        c(2,5,10,10),
        c(2,6,6,6),
        c(2,6,6,7),
        c(2,6,6,8),
        c(2,6,6,9),
        c(2,6,6,10),
        c(2,6,7,8),
        c(2,6,7,9),
        c(2,6,7,10),
        c(2,6,8,8),
        c(2,6,8,9),
        c(2,6,8,10),
        c(2,6,9,9),
        c(2,6,9,10),
        c(2,6,10,10),
        c(2,7,7,8),
        c(2,7,7,10),
        c(2,7,8,8),
        c(2,7,8,9),
        c(2,7,9,10),
        c(2,7,10,10),
        c(2,8,8,8),
        c(2,8,8,9),
        c(2,8,8,10),
        c(2,8,9,9),
        c(2,8,9,10),
        c(2,8,10,10),
        c(2,9,10,10),
        c(3,3,3,3),
        c(3,3,3,4),
        c(3,3,3,5),
        c(3,3,3,6),
        c(3,3,3,7),
        c(3,3,3,8),
        c(3,3,3,9),
        c(3,3,3,10),
        c(3,3,4,4),
        c(3,3,4,5),
        c(3,3,4,6),
        c(3,3,4,7),
        c(3,3,4,8),
        c(3,3,4,9),
        c(3,3,5,5),
        c(3,3,5,6),
        c(3,3,5,7),
        c(3,3,5,9),
        c(3,3,5,10),
        c(3,3,6,6),
        c(3,3,6,7),
        c(3,3,6,8),
        c(3,3,6,9),
        c(3,3,6,10),
        c(3,3,7,7),
        c(3,3,7,8),
        c(3,3,7,9),
        c(3,3,8,8),
        c(3,3,8,9),
        c(3,3,8,10),
        c(3,3,9,9),
        c(3,3,9,10),
        c(3,4,4,4),
        c(3,4,4,5),
        c(3,4,4,6),
        c(3,4,4,7),
        c(3,4,4,8),
        c(3,4,4,9),
        c(3,4,4,10),
        c(3,4,5,5),
        c(3,4,5,6),
        c(3,4,5,7),
        c(3,4,5,8),
        c(3,4,5,9),
        c(3,4,5,10),
        c(3,4,6,6),
        c(3,4,6,8),
        c(3,4,6,9),
        c(3,4,6,10),
        c(3,4,7,7),
        c(3,4,7,8),
        c(3,4,7,9),
        c(3,4,7,10),
        c(3,4,8,9),
        c(3,4,8,10),
        c(3,4,9,9),
        c(3,4,10,10),
        c(3,5,5,6),
        c(3,5,5,7),
        c(3,5,5,8),
        c(3,5,5,9),
        c(3,5,6,6),
        c(3,5,6,7),
        c(3,5,6,8),
        c(3,5,6,9),
        c(3,5,6,10),
        c(3,5,7,8),
        c(3,5,7,9),
        c(3,5,7,10),
        c(3,5,8,8),
        c(3,5,8,9),
        c(3,5,9,9),
        c(3,5,9,10),
